0.00147754  64.613
0.0619554  64.528
-0.00456108  64.6473
-0.00584686  64.626
-0.00340695  64.6016
-0.0266688  64.6419
-0.0349699  64.6542
0.0632215  64.6421
-0.0488976  64.672
-0.00930207  64.6423
0.0408349  64.6647
-0.0300948  64.5527
-0.00307352  64.6641
0.0151652  64.6147
-0.0761413  64.5963
0.0530422  64.6837
0.117969  64.6628
0.0435127  64.5435
0.00424122  64.6111
0.0295288  64.6409
0.0543759  64.6527
-0.0783431  64.6456
0.0379957  64.6659
0.0109761  64.7134
-0.0534215  64.5913

3.17066  
3.94579  
3.58922  
3.68014  
4.06425  
3.72414  
2.66508  
3.02216  
3.79316  
1.85029  
1.64584  
2.41944  
4.16458  
3.08142  
3.46668  
2.28056  
2.40216  
2.04932  
3.83716  
4.31985  
3.73053  
3.39086  
3.54235  
3.81333  
2.59234  