-0.0135047  64.3404
-0.0110944  64.3507
0.049726  64.3815
-0.0405438  64.3767
0.00498608  64.3967
0.00862337  64.3745
-0.0247618  64.3733
0.100714  64.3701
-0.0353719  64.3846
0.0123286  64.3594
-0.0421244  64.3861
0.00962291  64.3856
0.0570934  64.3733
-0.104664  64.3489
-0.00388941  64.3997
-0.0120034  64.3758
-0.00288535  64.3685
0.033561  64.3578
-0.0278087  64.3079
0.0115598  64.3121
0.00139279  64.3615
0.0173926  64.3801
-0.00196814  64.4016
0.00410343  64.4356
0.0215056  64.3967

3.43632  
2.76414  
3.15573  
3.65247  
4.68987  
5.07358  
5.22193  
2.65712  
3.52442  
5.28325  
2.72541  
3.99286  
5.11037  
3.81946  
5.51417  
4.63881  
4.68232  
6.11247  
3.72113  
2.63567  
3.359  
4.48782  
4.5211  
4.41757  
4.79792  