0.0110355  64.6456
0.0305008  64.6193
-0.00893696  64.6251
-0.0108309  64.6066
0.0324314  64.6506
0.0170975  64.6438
-0.000396462  64.6651
0.0139561  64.6105
0.0045591  64.6417
0.0265697  64.6189
0.0260535  64.6075
-0.00105353  64.6199
0.0349804  64.6946
-0.00795915  64.6506
0.0135343  64.6187
-0.00982591  64.623
0.00749981  64.6206
0.0875919  64.6345
-0.0571186  64.6318
0.00965269  64.5966
-0.0635798  64.6737
-0.0115927  64.6463
0.0194176  64.6208
-0.0494798  64.5498
0.0152589  64.7022

3.04638  
4.96088  
4.1135  
3.64239  
4.96191  
2.95644  
3.68462  
4.20036  
5.21098  
3.06404  
3.23651  
2.53748  
3.04186  
3.66097  
4.7437  
5.19099  
4.70475  
2.53946  
3.55794  
4.94594  
2.88834  
4.24472  
4.80763  
3.84769  
5.6058  