0.15524  45.8896
0.0716054  56.085
0.116318  62.2604
-0.0158731  75.313
-0.0152384  85.9246
-0.0122051  46.5479
0.0862909  51.062
-0.256285  65.5415
0.00313871  75.7245
0.0746522  79.3205
-0.0462298  42.1187
0.170058  55.5665
-0.00797528  62.3864
0.263474  73.2105
0.0374019  82.0735
0.144726  42.3373
-0.199122  53.7352
-0.0110446  66.1977
0.067898  70.3253
0.195525  81.8207
0.0194242  48.1948
0.0562965  55.5732
0.0782568  64.9446
0.161327  72.6979
0.0115514  84.2198

1.02896  
1.3405  
1.72716  
1.49097  
1.34071  
1.2243  
2.55039  
2.24461  
4.47468  
1.93673  
1.0532  
1.37771  
3.8473  
2.10721  
1.56625  
2.42106  
1.04229  
2.00042  
2.06565  
1.55677  
1.28312  
2.25575  
1.26773  
1.72177  
1.81924  