0.02752  63.1721
-0.0150667  63.154
0.031474  63.2004
-0.0386684  63.172
0.00306936  63.1719
0.00907421  63.1831
-0.00964522  63.1769
0.0271079  63.1671
0.00677487  63.2008
-0.00753803  63.1525
-0.0052043  63.1747
-0.0103594  63.1433
0.0257149  63.1657
0.000852209  63.1639
-0.0329571  63.1506
-0.0102452  63.1408
0.00600273  63.1857
-0.0010558  63.1654
-0.00529778  63.1532
-0.0101131  63.1553
-0.00761778  63.201
0.013083  63.1379
-0.0160882  63.1479
-0.012515  63.1596
0.0185053  63.2112

4.11094  
3.08678  
4.10593  
3.35396  
3.22184  
4.49247  
4.6577  
4.27702  
4.58326  
4.06705  
3.85868  
3.29722  
3.63488  
5.89451  
4.21296  
3.71805  
5.81113  
3.31861  
4.51252  
4.21722  
3.0174  
4.84392  
4.32975  
3.74912  
5.2422  