-0.0236418  64.3705
-0.0350494  64.3305
0.0316083  64.3749
-0.00213877  64.3872
-0.0513781  64.3503
-0.00599118  64.3503
0.0122038  64.3626
-0.0186218  64.367
-0.00127464  64.3867
-0.00431131  64.429
-0.00970696  64.4023
0.0045737  64.3706
-0.0175542  64.3877
-0.0157533  64.3681
0.0123408  64.3975
0.0100329  64.3612
-0.00888448  64.4049
0.00575806  64.328
-0.0287569  64.3534
0.0256202  64.33
-0.014472  64.3726
-0.0204018  64.3713
0.0456911  64.4913
-0.0438198  64.4197
0.00349708  64.3495

3.5888  
3.21042  
3.46549  
5.65908  
4.01686  
3.31652  
5.39144  
3.06375  
4.67125  
3.81  
2.96525  
4.64863  
4.07738  
3.78426  
5.12341  
2.99074  
3.47761  
4.1212  
5.39434  
3.37  
3.31205  
2.73218  
3.22819  
3.72955  
4.78452  