-0.0499129  64.9267
-0.000895881  64.904
0.0366823  64.9165
-0.0665348  64.9184
0.00320339  64.9218
0.00549878  64.9017
-0.0165762  64.92
0.00207899  64.9107
-0.010432  64.8634
-0.00989281  64.8935
0.00137784  64.9345
0.0171046  64.9229
-0.00795157  64.9103
0.0134058  64.9548
0.00829989  64.9209
-0.0737033  64.9034
0.037032  64.856
-0.00618414  64.9127
-0.0184874  64.9107
-0.0081393  64.9292
-0.0951438  64.8674
0.00130495  64.967
0.0305925  64.9396
-0.0306602  64.8479
0.0639203  64.8973

2.95568  
4.27958  
5.43188  
3.75395  
5.60132  
4.76968  
5.08136  
6.84894  
3.71159  
2.76217  
3.49013  
4.58798  
4.8258  
4.49613  
4.85948  
3.72594  
4.50419  
4.94049  
3.32215  
4.35363  
4.11755  
4.04059  
4.54654  
2.94448  
3.26235  