0.000423661  64.5131
0.0131916  64.424
0.0342695  64.4784
0.0144259  64.5988
-0.00867383  64.5232
0.00655768  64.5174
0.0306573  64.5651
-0.000427106  64.5763
-0.0204184  64.4736
0.0359842  64.4929
-0.00603505  64.4945
0.06199  64.5014
0.0208228  64.4964
-0.0678282  64.4996
-0.010747  64.4947
-0.0350579  64.5139
-0.0394027  64.4862
0.000967214  64.499
-0.0279445  64.5324
0.0336706  64.5056
0.0106414  64.5045
-0.0257496  64.5145
0.0404107  64.5077
0.00805348  64.4895
-0.0106184  64.5357

4.26598  
4.27776  
4.80593  
2.76889  
4.07087  
4.24428  
3.28598  
4.94487  
3.2892  
3.93222  
2.70832  
3.13957  
4.7492  
5.10039  
4.24419  
4.47863  
4.39617  
3.79825  
4.69092  
3.50248  
4.23709  
5.12924  
3.93172  
3.66277  
3.30073  
