-0.0534554  42.388
0.0370465  57.792
0.0197845  62.2196
-0.00402152  76.1967
0.0511118  83.281
0.226817  46.8279
-0.109282  57.1503
-0.0219689  59.8165
-0.100528  77.0378
-0.14048  83.7006
0.0673377  44.3033
0.03349  53.7388
0.120279  65.7653
-0.0295194  76.122
0.0129649  83.9338
0.0581652  46.3199
0.128497  53.3836
-0.0104099  66.0353
-0.0124135  70.1001
0.0499142  82.9414
-0.193876  43.7132
0.0354508  57.6117
0.0499828  66.5569
0.013745  72.6027
-0.103366  81.1665

1.67394  
1.19342  
1.16514  
1.42199  
1.30148  
1.25146  
1.8413  
1.64637  
1.55223  
2.05726  
2.15519  
1.74209  
1.92684  
1.52271  
2.29444  
1.22331  
1.73235  
1.49142  
1.2031  
1.33284  
1.55923  
1.11109  
1.74906  
2.53726  
1.0544  