0.0642945  63.8429
-0.0413003  63.818
-0.0164211  63.8468
-0.0604946  63.9028
0.057055  63.8668
-0.0185358  63.8984
0.0242976  63.8158
0.00143799  63.85
0.0117967  63.8113
-0.0365492  63.8005
0.0141584  63.7925
-0.0647204  63.9001
0.0371431  63.871
7.8401e-05  63.8296
-0.0873968  63.8579
0.048989  63.8159
-0.00483716  63.8584
0.0197655  63.7852
0.0935173  63.8436
-0.0231927  63.8145
-0.0734341  63.8346
0.0471596  63.8597
0.00675545  63.9254
-0.0150011  63.7798
0.0468041  63.8514

3.74151  
2.92671  
2.65987  
3.16233  
2.59235  
2.86361  
3.60543  
2.38648  
2.36315  
3.10399  
4.11186  
4.47334  
3.48298  
3.52413  
2.39516  
3.81141  
3.7899  
4.07837  
1.7122  
3.45954  
3.15875  
3.44284  
4.72148  
4.08131  
3.72999  
