00.145821  48.5739
-0.0175614  52.2565
-0.176769  67.5396
-0.0597435  74.2164
-0.110149  87.2068
-0.137128  42.9622
0.044253  58.3642
-0.0720797  67.8089
0.0560916  76.5597
0.0762049  81.1824
-0.0122544  42.3239
-0.000430668  58.5415
0.0178241  63.2905
-0.0545364  76.9712
0.277356  86.0381
0.0213731  45.4058
0.0312955  54.681
-0.0260553  60.9834
-0.0721576  78.3478
-0.128317  84.7917
0.0126479  44.1764
0.0874726  53.054
-0.107136  66.4673
0.0380277  76.9177
0.0285926  84.016

1.32242  
1.27047  
2.08237  
1.64385  
1.37584  
1.43989  
2.27797  
1.20921  
1.6919  
1.92355  
1.05302  
1.96107  
1.06425  
1.89251  
1.11812  
2.34083  
1.632  
1.89264  
1.04547  
1.47415  
1.9944  
1.24509  
2.06863  
1.61733  
2.41692  