0.0694289  43.5923
-0.0844228  53.2613
0.0585009  61.0546
-0.0113214  70.8599
0.115518  84.5299
0.00254251  47.486
0.0109305  52.7035
-0.209368  64.5055
0.259494  72.5071
0.156967  85.3246
0.00522354  45.2087
0.0519915  56.2423
0.0482594  62.7782
-0.0144888  74.9883
0.0285679  84.61
0.0685061  45.9213
0.111635  51.4353
-0.138581  59.2606
0.0290192  75.9838
-0.177548  81.1291
0.124852  42.7675
-0.116977  54.349
0.0790603  62.9336
-0.0970711  74.4211
0.00263182  79.3251

3.50235  
2.38635  
2.70922  
2.66139  
1.9561  
1.09327  
1.17282  
1.27793  
1.90872  
1.81853  
1.11458  
1.12465  
1.5579  
1.28936  
2.54628  
1.11632  
3.30548  
1.04173  
2.70402  
1.50875  
1.30259  
1.34162  
3.01475  
1.76409  
3.33996  