0.0538435  64.6002
-0.054896  64.6858
-0.0381114  64.5784
-0.0408585  64.6623
0.0791895  64.723
-0.0408874  64.5965
0.0696546  64.6312
-0.0132655  64.652
-0.0165147  64.6713
-0.0466419  64.6186
0.0136451  64.6972
0.0588483  64.6068
0.0106004  64.6313
-0.0467285  64.6394
0.00116449  64.6361
0.0476146  64.392
-0.0194834  64.5544
0.0451024  64.5952
0.0361653  64.6753
0.155733  64.4701
0.0654315  64.6169
-0.0321929  64.6709
-0.0374854  64.5863
-0.0110898  64.4942
0.105522  64.6248

3.57049  
3.20718  
3.50197  
3.74664  
3.02136  
3.11561  
3.91076  
4.06802  
2.92966  
3.38927  
2.80465  
2.91502  
3.91665  
3.1272  
3.56336  
2.64782  
2.73888  
3.10434  
2.82023  
2.164  
2.2588  
4.72414  
2.73957  
2.26146  
3.78029  

