0.0149092  64.5497
-0.0291347  64.493
0.0758009  64.5209
-0.0213252  64.5469
-0.0131664  64.6488
0.0534545  64.6059
-0.013648  64.6031
-0.0327716  64.4865
-0.0484936  64.5722
-0.0204466  64.4969
0.0254386  64.5553
0.0117849  64.5524
0.0300909  64.4519
-0.0167122  64.4847
-0.014786  64.4473
-0.0168599  64.5055
-0.0286615  64.3912
-0.0428749  64.4803
-0.00934504  64.4904
-0.0218447  64.5591
0.0234682  64.4267
-0.00912355  64.3905
-0.00127675  64.6066
0.0524938  64.5156
0.023266  64.4803

3.59797  
3.96175  
3.33916  
3.19991  
2.22004  
2.80112  
3.76193  
3.69654  
1.78887  
3.48547  
3.07098  
3.46222  
3.2526  
3.6688  
3.7541  
3.50498  
2.55045  
2.9572  
3.69273  
1.88996  
1.80235  
2.62239  
3.86508  
3.58528  
3.65882  