-0.000940661  64.7948
0.0245705  64.8086
0.0724659  64.8559
0.036541  64.8122
-0.011675  64.8155
0.0105482  64.7737
0.0272827  64.8561
0.00264266  64.8004
-0.0462289  64.873
0.00221561  64.7839
-0.0131271  64.8165
0.0827764  64.8224
-0.00350611  64.8088
-0.0065804  64.8789
0.044109  64.7181
0.0350151  64.8352
0.0399906  64.8324
0.0310641  64.8253
0.023292  64.7591
0.0108964  64.879
0.0714141  64.8235
-0.00629064  64.6043
-0.00123785  64.7606
-0.0220483  64.9
0.0680735  64.7897

3.06029  
2.81002  
3.08494  
5.02135  
2.7808  
2.4857  
2.5766  
2.85562  
3.26541  
3.30728  
3.89892  
2.8418  
2.71042  
4.23539  
2.5635  
3.23464  
4.02792  
3.6039  
3.49922  
4.26138  
4.1914  
2.63447  
3.4629  
4.07284  
2.68689  