-0.0573609  64.6456
0.023856  64.6113
0.0181162  64.613
-0.024734  64.594
-0.00144884  64.4897
-0.0226727  64.5964
0.00282049  64.6509
-0.00424404  64.6276
-0.00400214  64.5617
0.0400351  64.6813
-5.21848e-05  64.5797
-0.0758399  64.5725
0.112999  64.5892
-0.00947509  64.7187
-0.00847142  64.6023
-0.0547424  64.6315
-0.00190846  64.6102
0.035644  64.7871
-0.0295212  64.7231
-0.0334963  64.622
0.0461861  64.5757
0.000483226  64.6578
0.0174624  64.5036
-0.0419712  64.6115
0.0154226  64.674

3.56727  
3.37176  
2.68983  
3.45168  
2.59336  
2.78611  
3.45232  
3.40508  
3.73951  
3.28038  
4.47662  
3.23644  
2.64674  
3.39072  
2.43305  
2.87808  
2.79889  
2.26762  
2.39163  
2.69642  
4.06841  
3.93423  
3.32332  
3.43016  
2.2982  