-0.0366757  43.6545
0.0288056  53.7125
-0.0361413  65.3531
-0.0158471  76.1612
-0.0150482  83.7706
0.0925357  44.2174
0.0630374  53.0986
-0.0168612  66.2522
0.0778014  70.0771
-0.0288918  79.7643
0.153909  46.6034
0.0931912  57.0776
0.0739857  65.9837
0.0660214  73.2559
0.103473  84.8074
-0.0177581  43.4344
-0.0406887  52.7939
-0.0119596  60.8743
0.0681289  70.9706
-0.0603185  83.856
0.0715462  47.4139
0.0671791  52.2889
0.0181443  60.5659
-0.00871137  71.0316
-0.114012  81.1084

3.77471  
1.3466  
1.34435  
1.74915  
2.17138  
1.95708  
1.89572  
1.76745  
1.30609  
1.54774  
1.50992  
1.04946  
1.35151  
2.48245  
1.03228  
2.37811  
1.47991  
1.2884  
1.39208  
1.1962  
1.13842  
1.694  
1.01048  
2.11032  
1.21837  