0.0448739  63.1415
0.00204427  63.1481
-0.0173421  63.1552
0.0399436  63.2139
-0.0329032  63.146
-0.0655608  63.2414
-0.0665885  63.1764
0.0345527  63.1778
0.0442387  63.0737
-0.0126715  63.2288
-0.0428603  63.138
0.0195436  63.153
-0.023573  63.1361
0.02902  63.1457
-0.0218606  63.2033
-0.126274  63.1954
0.0449373  63.2217
0.0174949  63.1652
-0.00976496  63.1127
0.0233394  63.2482
-0.00681257  63.2017
-0.0025187  63.15
-0.0194093  63.1868
-0.000185496  63.1373
0.033512  63.0887

2.48201  
2.95152  
3.75145  
4.15396  
3.67323  
3.84321  
4.29245  
2.91562  
2.27153  
3.66477  
3.92608  
3.44775  
3.44393  
4.7892  
3.45006  
2.4975  
2.48588  
3.36306  
2.82288  
3.36775  
3.8724  
3.09904  
2.94199  
4.10043  
3.19083  
