0.127624  42.1999
0.0630555  54.3555
0.0144222  65.4053
0.0717765  70.9487
-0.293702  81.9297
0.117595  47.9466
0.0836868  56.0091
-0.112106  65.4178
-0.00933927  69.3892
0.119253  85.5278
0.0234488  46.8208
-0.0775049  52.7723
0.0620778  66.1461
-0.0278976  73.9278
-0.0860022  79.6251
0.224845  45.1984
-0.0346937  49.7372
-0.175216  65.906
0.23967  75.243
-0.1548  81.6163
0.0389428  48.2184
-0.0979629  54.4881
0.0701204  61.2428
-0.0687917  72.6079
-0.0408757  81.9499

1.02657  
1.52627  
1.4448  
2.33171  
1.17735  
1.1813  
1.58136  
2.00547  
2.12872  
1.70044  
2.20357  
1.49896  
2.6231  
2.54206  
1.26785  
1.49114  
1.39036  
1.06799  
2.73397  
1.96743  
1.15718  
1.11879  
1.34092  
2.35537  
2.02783  