-0.0282733  45.5297
-0.144104  57.8964
0.0598513  62.896
0.077847  70.7739
-0.0262504  82.3358
0.0678802  47.5695
-0.0653895  50.3984
-0.036592  61.1827
0.0241997  76.4093
0.00242924  79.6226
-0.117946  41.8106
-0.0173626  56.7129
-0.163361  66.7504
-0.00468706  69.9791
0.0887721  79.836
0.0586447  47.8136
0.0586109  58.0686
-0.128791  66.9416
0.0488799  76.7491
-0.00215952  83.0432
-0.0218104  44.0196
0.0183111  57.6674
0.111179  67.7076
0.00353591  74.7825
-0.0485132  80.9692

1.36633  
1.31217  
2.552  
1.10356  
3.23498  
2.0022  
1.7989  
1.12842  
2.87398  
1.11301  
1.60658  
1.29014  
2.16813  
1.32064  
1.01386  
1.14189  
2.45708  
1.15054  
2.97434  
1.24172  
2.15909  
2.14338  
1.26818  
1.86221  
1.70147   