0.4402  72.8355
-0.0861921  52.0499
-0.356213  66.6943
0.277523  77.5017
-0.0785956  80.2189
-0.0163586  46.7565
0.0324343  58.9911
-0.0607123  61.8308
-0.0311063  74.2131
0.00439736  86.5381
-0.18998  41.9002
-0.0195005  50.9555
0.0491175  63.4087
0.126197  71.2029
-0.00450875  82.5664
0.152147  47.8502
-0.0249561  56.4635
-0.0379762  61.57
0.00182191  76.0708
-0.0477437  85.3454
-0.26897  43.3047
-0.0607932  57.1697
-0.0935155  66.963
0.013363  76.5958
-0.00818187  80.2628

1.13092  
2.27529  
1.04971  
1.07646  
1.99363  
1.19572  
1.27461  
1.3885  
1.13031  
1.76604  
1.22971  
1.10955  
2.77268  
1.03589  
2.09464  
1.62598  
1.02155  
1.23922  
2.89444  
1.4379  
1.4654  
1.86254  
2.36781  
1.00659  
1.96731  