-0.0141895  63.0829
-0.0113756  63.0824
-0.0188417  63.0661
0.0207285  63.0809
-0.00111928  63.0981
-0.0161828  63.0634
-0.0255234  63.055
0.0192803  63.1056
0.00455049  63.0761
-0.00654032  63.0309
0.0906424  63.0654
-0.0858944  63.1084
-0.000389436  63.0894
0.00679668  63.0812
-0.0121493  63.1137
-0.025819  63.1105
-0.00202808  63.083
0.0183129  63.0737
-0.0201808  63.0812
-0.0071997  63.0524
0.0265809  63.0736
-0.0283799  63.0682
0.0374162  63.1001
-0.0414726  63.0768
0.00461167  63.1474

5.27125  
4.27354  
4.93969  
5.41047  
4.15344  
4.32701  
3.57999  
4.38423  
4.49302  
3.42894  
4.07613  
5.02487  
4.384  
4.27283  
4.49924  
3.23208  
3.85596  
5.21217  
4.78724  
4.42789  
3.88243  
3.04925  
3.76868  
3.36207  
2.95734  