0.00964506  64.452
0.0159723  64.3984
0.00044791  64.3482
0.016724  64.3873
0.0258904  64.3066
-0.0377604  64.4012
0.00650791  64.3372
-0.0439901  64.3522
-0.0441417  64.3767
0.0463698  64.4748
-0.112292  64.3414
0.0180324  64.3883
0.0565123  64.4028
-0.052884  64.284
0.0564731  64.3819
0.0472192  64.372
0.0297911  64.3721
0.0163771  64.3793
-0.0604063  64.3861
-0.014065  64.3512
0.0281266  64.4192
0.0121157  64.3175
0.0211797  64.3649
-0.031736  64.4451
-0.0240736  64.3956

3.11538  
4.13513  
4.76185  
4.23589  
4.87172  
2.93673  
4.38657  
4.77687  
3.24939  
4.16802  
3.90594  
3.33898  
3.79808  
3.05279  
2.83144  
3.97499  
4.66251  
3.08089  
4.36265  
3.27804  
4.50878  
4.61623  
4.93225  
2.66286  
4.20967  
