-0.0932104  63.8935
-0.00526844  63.9344
0.030528  63.9046
-0.0310409  63.8553
0.0604664  63.9131
0.00855476  63.92
-0.0182078  63.9227
0.0199119  63.899
-0.00056874  63.9112
0.00765268  63.9131
0.0106478  63.9299
0.0178928  63.8713
-0.0189236  63.9044
-0.00545851  63.9664
-0.0126167  63.9152
0.00208707  63.9153
0.0200777  63.9817
0.00987239  63.9541
-0.041617  63.9038
-0.0028892  63.9191
0.00193294  63.9145
0.0631479  63.9266
0.020375  63.9244
-0.0420472  63.9144
0.00510241  63.919

4.53157  
3.65501  
3.97089  
3.43379  
3.03563  
4.4881  
4.92886  
3.20303  
4.66537  
3.66574  
4.43708  
5.12499  
5.28402  
3.13911  
4.5209  
4.6687  
3.56859  
5.2924  
3.57204  
4.3479  
3.09297  
3.56087  
5.92777  
5.76379  
5.05609  