0.110883  63.5034
-0.0534835  63.6278
-0.0609312  63.6088
0.0362381  63.6022
-0.00534164  63.609
-0.0367813  63.6925
0.0166184  63.6525
0.0051301  63.5782
0.0101195  63.6313
0.0125717  63.6473
0.011454  63.6026
-0.0425778  63.5928
0.0306881  63.6834
-0.056539  63.6216
0.00427457  63.6438
0.0408008  63.689
-0.0212886  63.6391
-0.00466493  63.6236
0.0132306  63.6594
-0.0514361  63.6321
0.0182123  63.611
0.0286166  63.5904
0.0287257  63.6403
-0.00212713  63.6235
-0.000762867  63.6207

3.43087  
5.0715  
4.05741  
4.25589  
4.49222  
3.04256  
3.74046  
4.55108  
4.67751  
4.03439  
3.738  
3.0103  
4.09647  
3.08695  
3.04218  
4.44675  
4.35393  
4.06905  
4.4812  
4.02765  
3.69961  
3.21646  
3.63727  
5.14382  
3.97112  
