0.0615174  46.1189
-0.104069  57.4403
0.0415835  65.821
0.0314736  76.8408
0.0361715  79.9294
-0.0525269  43.7423
-0.211045  51.7735
-0.0182688  60.484
-0.00562923  71.1575
-0.0829921  85.0609
0.00711401  42.7292
-0.139582  52.8713
0.0159538  60.8842
0.0150428  70.8101
-0.140006  85.9317
-0.0244028  45.2951
-0.00259647  50.8034
-0.117937  64.0971
-0.200002  69.4491
-0.0172534  82.3062
0.0169668  45.7779
0.23849  50.4897
0.0311335  62.1191
-0.0546446  71.1501
0.0906961  85.5102

1.98049  
1.12211  
1.37085  
1.05121  
1.54654  
1.71027  
1.49936  
1.0279  
1.7909  
1.48947  
2.11279  
1.51339  
2.23182  
2.38884  
1.33274  
1.03085  
2.16734  
1.12999  
1.17805  
2.24622  
1.18419  
1.17034  
1.68753  
2.42101  
2.25509  