-0.0398299  64.9985
0.0336135  65.016
0.0331604  64.9568
-0.0244035  64.8709
0.035552  65.0579
-0.0326103  64.9411
0.00155504  64.9565
-0.00854999  64.962
0.00145698  65.0566
-0.0472942  64.994
0.00972551  65.0299
0.0162089  64.9595
-0.0437408  64.9813
0.0453854  64.966
-0.0227167  64.9674
0.0252818  64.9797
0.0089822  65.0153
0.0134712  64.9408
0.0249333  65.0514
-0.0156778  65.0195
0.0119329  65.0038
-0.0456463  65.0012
-0.0197098  65.0288
-0.0279531  64.9789
-0.0327526  64.9483

3.51052  
2.44117  
2.0874  
3.24298  
3.41988  
3.24848  
4.70421  
3.57471  
3.33585  
3.35215  
2.14878  
3.06522  
3.75421  
4.0861  
3.3046  
5.14978  
3.78021  
2.05349  
2.22915  
4.67263  
3.66376  
3.18639  
3.11515  
4.64928  
3.02295  
