-0.160705  46.7274
-0.0834636  52.8052
-0.011715  63.703
0.0741204  72.886
0.203298  83.0427
0.04908  43.3653
-0.0984882  55.0482
-8.16283e-05  67.2622
0.125786  71.4488
0.0682918  84.9717
0.0481046  48.7487
-0.00671938  56.5295
0.0312396  61.457
0.0426208  72.7843
-0.132504  82.6633
0.0282797  48.7455
0.0835897  57.7263
-0.0546523  67.492
0.00261818  70.9952
-0.189062  87.4066
0.178153  46.6158
-0.10412  51.2169
0.0370632  67.729
-0.03785  75.6098
0.162558  87.044

1.06474  
1.17328  
3.67848  
2.42482  
1.22297  
1.66626  
1.37235  
2.22176  
1.77258  
2.06488  
1.19942  
1.42405  
1.05916  
2.52741  
1.10394  
1.51047  
2.76735  
2.18212  
2.8148  
1.10256  
1.41938  
1.11616  
2.47943  
2.571  
1.12193  