0.0632436  64.0913
0.0119474  64.0904
0.00890095  64.0906
-0.0388677  64.0258
0.0193899  64.0531
-0.0237965  64.1575
-0.00102472  64.1497
-0.0354883  64.0809
0.00815781  64.1757
-0.0109226  64.0801
0.00235779  64.0792
0.00417387  64.0326
0.0183489  64.1012
-0.0384797  64.0016
0.0290497  64.0641
0.0371406  64.0863
-0.00707512  64.0557
0.0227808  64.1293
-0.0522658  64.0787
0.00632127  64.0591
-0.00336973  64.1308
0.0088564  64.0727
-0.0238208  64.0744
-0.00414653  64.0596
-0.0276325  64.033

3.32419  
3.45303  
2.8722  
2.83902  
3.27926  
3.12119  
3.25732  
4.11524  
4.25846  
4.82875  
3.5031  
2.66611  
2.95073  
2.47414  
3.76127  
3.27869  
4.2336  
3.26604  
3.41958  
3.0859  
2.76896  
2.77424  
3.54916  
4.32767  
2.9454  