0.00383595  64.4195
-0.00743982  64.5235
-0.0292374  64.5931
0.0331516  64.4439
-0.0600947  64.5526
0.0114555  64.5036
-0.0384367  64.3386
0.0090231  64.5963
0.0185334  64.4784
-0.0781138  64.4391
0.0592055  64.5582
-0.0928248  64.4685
0.0706584  64.4518
0.00410485  64.4744
-0.067845  64.5275
-0.00625706  64.5224
-0.0647193  64.4777
-0.00783388  64.5294
0.102048  64.4179
-0.0163807  64.4573
-0.0202174  64.4032
-0.00109735  64.569
-0.0474205  64.3874
0.0568933  64.5263
-0.000473076  64.5299

1.96552  
2.5025  
3.29839  
3.26933  
3.17703  
2.0967  
3.10716  
2.21034  
3.55096  
4.08622  
3.50553  
3.00871  
2.73482  
4.08777  
2.57136  
2.92735  
3.42003  
4.46359  
2.46688  
3.77426  
3.12003  
2.39633  
3.9647  
3.3554  
3.55799  